amp1,x01,w1,y0
10.91,498.36,16.58,0.1
8.71,496.73,17.89,-0.08
14.01,497.15,18.07,-0.08
14.04,497.14,17.38,0.0
15.58,499.15,16.65,-0.17
18.96,495.66,15.46,0.01
5.2,494.22,17.88,-0.11
5.89,493.29,15.87,-0.08
14.42,495.63,15.7,-0.01
12.23,496.42,16.5,-0.01
6.24,492.48,16.94,0.03
8.45,494.91,16.08,-0.04
4.77,492.58,15.47,-0.11
9.06,494.92,17.32,-0.04
11.24,494.98,17.07,0.08
12.94,495.73,16.65,0.03
14.91,496.8,16.77,0.02
10.1,496.97,18.83,-0.16
7.7,492.32,15.8,-0.02
15.77,494.69,14.11,-0.06
7.2,492.71,14.78,-0.04
6.88,496.27,17.97,0.03
9.63,494.09,14.72,0.06
6.15,492.56,15.18,-0.16
11.69,497.62,16.62,0.04
10.63,496.69,17.84,-0.07
9.89,492.47,15.4,-0.11
11.77,492.88,15.05,0.07
9.71,494.16,15.97,0.02
10.99,495.13,15.71,-0.0
9.14,494.27,15.57,-0.07
16.77,495.44,15.24,0.03
18.07,496.44,15.71,0.05
13.1,495.04,16.07,-0.01
14.2,495.41,16.14,0.03
19.25,495.73,15.91,-0.0
21.51,494.86,14.07,0.06
14.49,495.11,14.68,0.05
6.68,495.61,17.34,-0.01
11.57,493.91,14.84,0.01
7.68,495.38,18.33,-0.26
5.91,492.12,16.11,0.03
13.84,489.57,13.08,0.01
15.99,496.6,17.16,0.06
26.15,500.13,15.6,0.0
21.9,498.37,14.75,-0.04
10.67,495.41,16.02,0.06
7.32,497.39,19.0,-0.1
6.41,496.38,16.45,-0.06
4.23,492.53,15.64,-0.09
15.07,493.58,15.28,-0.04
16.92,495.28,15.56,0.11
17.32,495.66,17.16,0.01
15.4,495.99,16.17,0.04
12.15,497.04,16.18,-0.01
20.41,497.91,16.38,-0.0
12.55,499.65,17.92,-0.19
9.46,494.33,15.45,-0.02
11.64,496.82,17.26,0.09
8.76,494.59,16.25,-0.06
7.38,494.71,15.97,-0.04
6.15,497.16,17.6,-0.01
4.2,494.81,17.93,-0.07
7.0,493.71,15.91,0.01
12.52,493.33,15.4,-0.11
22.47,494.87,14.71,0.03
17.09,496.59,15.73,-0.05
7.5,493.68,17.88,-0.15
7.03,494.92,16.78,0.03
11.71,495.11,15.64,-0.04
10.79,493.73,17.06,0.04
13.75,496.72,16.68,-0.1
9.59,493.89,15.77,-0.03
10.46,495.63,16.38,-0.02
18.24,497.95,16.04,-0.02
17.08,497.77,16.99,0.08
14.34,494.37,18.31,0.06
8.06,493.21,16.41,-0.06
8.4,495.39,16.02,-0.02
15.62,498.94,16.72,-0.1
7.44,496.26,18.15,-0.01
13.05,494.72,15.37,-0.02
13.35,494.77,15.32,-0.01
12.55,493.75,14.96,-0.07
11.04,495.0,16.02,0.01
13.14,496.08,16.29,0.04
17.28,493.81,15.96,-0.09
12.45,491.18,14.52,-0.04
4.14,495.27,19.36,-0.08
6.76,496.87,18.93,-0.16
5.34,495.55,19.28,0.04
7.9,492.88,15.48,-0.05
13.83,493.7,15.05,0.16
13.7,496.86,16.91,0.03
14.69,499.08,16.53,0.05
14.34,498.65,15.33,0.01
6.62,494.81,16.18,0.12
10.94,496.29,17.82,-0.05
8.93,492.76,16.33,0.05
13.77,496.07,16.27,-0.09
13.64,492.65,15.39,-0.05
20.47,497.17,15.56,-0.03
18.78,500.19,17.32,-0.08
13.92,500.96,17.57,-0.08
13.12,499.37,17.23,-0.03
21.75,502.38,17.11,0.02
12.09,497.51,17.38,-0.01
16.35,495.94,15.85,0.0
12.27,499.65,18.26,-0.13
4.37,501.5,20.66,-0.0
5.53,502.51,23.35,-0.01
5.47,494.75,17.96,-0.16
16.04,494.53,14.14,0.1
20.04,495.3,14.98,0.06
12.92,497.44,16.36,-0.1
8.41,492.17,15.72,-0.12
9.07,493.13,15.83,-0.02
8.14,495.02,15.05,-0.03
11.79,497.33,14.72,-0.08
9.15,493.03,15.75,-0.05
15.63,493.94,16.29,0.07
25.27,496.45,14.29,0.07
14.38,494.24,14.78,0.14
11.37,497.2,18.04,0.04
13.39,495.7,15.24,-0.12
18.28,496.57,16.18,-0.0
14.63,495.53,16.73,-0.09
12.82,494.29,14.18,-0.02
5.05,493.61,15.92,-0.02
3.87,495.49,19.14,-0.05
4.57,494.7,17.71,-0.03
5.8,491.66,16.54,-0.11
12.68,494.57,14.67,0.03
14.12,495.38,14.9,-0.11
12.0,494.92,15.32,-0.12
10.64,494.41,15.93,0.06
19.21,496.27,16.22,-0.0
13.42,493.52,14.59,0.02
6.94,496.48,18.34,0.05
10.72,499.97,18.62,0.02
11.96,501.33,18.38,0.04
6.92,495.65,17.7,-0.09
8.15,496.53,17.44,-0.11
12.37,495.62,16.74,-0.01
13.54,496.38,16.87,-0.07
9.65,495.98,17.35,-0.06
11.47,497.6,15.88,-0.09
16.01,499.84,17.67,-0.01
9.57,495.57,18.28,-0.03
13.1,497.88,18.68,-0.15
10.17,494.05,15.73,0.04
9.03,495.12,16.58,0.06
6.56,497.57,18.12,-0.07
7.4,498.75,18.55,-0.07
11.78,497.55,17.15,-0.01
9.09,497.42,17.41,-0.12
12.34,494.69,14.02,-0.11
20.36,495.14,13.78,-0.05
8.17,494.62,15.52,-0.02
9.66,496.05,16.86,-0.06
18.85,495.95,14.98,0.04
18.05,495.4,14.82,0.05
25.36,496.5,14.29,0.08
17.42,494.56,14.18,-0.0
8.88,493.92,15.08,-0.02
5.26,493.33,17.58,0.03
7.95,496.74,17.02,-0.15
15.99,498.0,16.77,-0.13
29.42,497.46,13.97,0.0
24.04,496.03,14.13,0.03
19.76,496.17,14.92,0.08
17.61,496.82,14.89,0.01
9.42,494.63,15.52,-0.0
13.0,496.55,15.73,-0.02
14.03,497.37,14.08,0.01
7.57,494.17,16.41,-0.04
11.62,493.37,15.13,0.04
12.29,492.3,13.81,-0.01
3.65,495.75,19.38,-0.05
2.34,488.03,16.81,-0.08
7.89,495.06,14.75,-0.02
9.02,497.93,16.82,-0.05
7.74,494.86,15.31,-0.16
8.36,493.05,14.57,-0.07
11.65,494.35,14.9,-0.03
11.68,496.65,16.98,0.04
20.04,499.39,16.67,0.02
12.07,497.6,16.22,-0.04
7.61,499.89,20.19,-0.1
7.38,500.38,21.83,-0.1
5.75,500.36,20.37,-0.01
5.63,496.52,17.83,-0.01
11.8,499.36,16.93,-0.04
16.24,495.72,16.15,-0.02
17.29,495.17,15.56,0.03
8.18,492.66,15.25,0.0
7.61,494.37,15.45,-0.01
17.97,496.15,14.9,-0.09
17.16,496.79,15.76,0.02
15.37,496.22,17.49,0.02
8.01,494.39,15.26,0.02
9.29,494.04,14.07,-0.08
6.6,494.07,14.22,-0.08
9.74,497.3,17.67,0.07
17.52,496.93,18.46,-0.0
8.84,496.09,17.53,-0.11
9.72,495.22,16.8,0.04
13.89,499.05,17.19,-0.02
8.41,496.18,17.89,-0.06
17.81,494.85,15.53,0.06
32.98,492.05,12.14,0.09
13.25,491.87,13.54,-0.01
10.46,496.14,16.63,0.0
10.95,493.54,15.59,0.01
17.63,494.93,14.56,0.01
10.42,492.53,13.38,-0.04
10.97,494.37,14.5,0.05
21.73,494.67,13.29,-0.02
19.09,495.42,14.41,0.03
14.5,495.53,16.08,-0.05
13.0,495.01,15.65,-0.08
17.8,498.33,16.16,-0.05
15.73,499.47,16.47,0.07
10.14,497.17,17.69,-0.06
10.49,496.67,15.99,-0.04
13.42,494.44,15.31,-0.09
15.37,496.3,17.65,-0.04
14.98,499.91,17.77,-0.12
6.25,498.66,18.16,-0.13
2.58,493.01,19.98,-0.02
7.43,494.34,15.12,0.1
10.09,498.76,16.56,-0.12
7.56,495.79,16.02,0.06
4.06,492.25,14.66,0.11
5.44,492.51,15.74,-0.08
22.58,494.77,14.03,-0.02
29.04,497.47,15.07,-0.17
18.58,497.57,16.21,0.02
11.31,498.03,19.06,-0.03
8.4,497.6,18.87,0.09
7.53,499.72,18.55,-0.06
3.39,494.38,17.82,-0.13
5.84,498.16,16.96,-0.08
11.24,493.84,14.71,-0.09
19.86,494.76,14.6,0.03
12.9,494.12,15.32,-0.07
17.27,495.48,15.16,-0.11
25.84,497.62,14.53,0.01
26.42,497.39,14.43,0.12
22.78,497.65,16.68,0.06
10.84,494.08,13.27,-0.01
20.19,495.41,14.67,0.02
14.45,495.55,15.22,-0.06
11.42,499.11,18.8,-0.06
13.45,499.91,20.47,0.02
10.19,495.87,18.4,-0.13
11.82,493.72,17.06,-0.12
9.49,497.64,18.94,-0.09
21.37,499.26,17.9,-0.05
22.99,497.09,16.65,0.03
20.03,492.63,12.85,-0.04
3.75,490.09,16.99,-0.12
4.49,491.11,17.83,0.02
20.28,491.37,13.49,-0.01
29.97,495.01,13.85,0.02
10.95,493.23,14.58,0.05
10.51,496.54,15.81,-0.0
20.58,496.42,13.76,-0.01
11.81,497.84,17.17,-0.02
9.38,499.4,19.79,-0.07
9.61,495.98,18.9,-0.15
22.82,496.52,16.5,-0.0
15.58,495.68,15.67,-0.16
12.72,497.43,17.14,-0.05
13.7,497.31,17.74,-0.1
16.22,493.53,14.88,-0.07
16.07,492.53,14.41,-0.02
13.89,498.17,18.28,0.01
8.36,497.71,16.91,-0.07
4.01,496.45,17.16,-0.11
9.48,496.28,16.5,-0.07
15.82,500.46,16.87,-0.05
7.92,497.38,17.01,-0.08
5.3,494.78,15.0,-0.08
8.06,492.69,14.22,0.01
44.41,495.07,11.98,0.1
35.02,496.0,14.4,0.03
13.46,494.98,16.27,-0.1
5.81,493.73,17.4,-0.03
10.0,496.57,17.54,0.01
17.55,500.79,17.8,-0.08
6.19,494.5,15.55,-0.14
3.52,495.64,16.95,-0.07
10.23,492.89,12.78,0.08
14.05,495.23,13.34,0.07
11.97,494.04,13.99,-0.06
18.73,498.06,16.03,0.0
17.96,497.98,16.6,0.08
36.91,494.55,13.66,0.19
40.95,497.5,15.68,0.06
5.33,493.74,16.71,-0.06
13.61,495.05,15.07,0.1
11.69,497.78,16.78,-0.06
7.78,494.54,15.27,-0.01
6.25,492.65,16.84,-0.13
7.96,491.91,16.37,0.03
14.4,494.96,15.51,-0.01
9.43,496.34,17.83,0.0
17.47,499.81,17.53,-0.11
11.95,495.92,16.06,-0.1
4.9,491.2,15.48,0.02
5.61,494.76,17.66,-0.11
8.74,496.25,18.47,-0.09
18.82,496.07,17.32,-0.04
15.43,498.54,18.06,-0.03
8.68,493.99,17.19,-0.12
11.52,494.97,15.86,0.02
16.11,496.09,15.34,-0.07
10.26,497.48,15.35,0.06
3.65,496.54,20.82,-0.11
6.66,492.96,17.34,-0.02
14.5,493.94,15.6,0.02
12.16,494.94,16.83,-0.02
13.15,494.27,15.38,0.02
16.69,493.52,13.99,0.03
23.85,494.55,13.71,-0.04
12.5,492.68,14.55,-0.06
16.94,495.69,14.94,-0.01
18.28,495.22,14.82,-0.01
8.03,496.41,17.39,-0.0
22.16,500.7,16.1,-0.07
24.04,500.77,15.63,-0.07
17.0,496.2,14.52,0.05
14.75,495.4,14.05,-0.1
11.27,494.76,15.72,-0.08
21.32,494.76,13.6,0.05
16.79,492.32,14.0,0.03
5.28,493.28,17.87,-0.05
6.77,500.03,18.45,-0.03
9.67,493.61,15.37,-0.03
14.1,496.35,15.09,-0.03
6.61,496.56,16.01,-0.05
1.33,492.42,21.81,-0.02
2.24,489.76,18.32,0.04
6.82,493.97,15.58,-0.01
16.3,494.87,13.64,0.01
17.13,496.98,15.86,-0.11
12.8,497.13,17.59,-0.06
31.66,495.94,15.19,0.08
46.67,496.77,14.16,0.27
12.27,496.72,15.88,-0.06
13.08,497.39,16.34,-0.03
6.86,492.82,15.61,-0.01
11.86,493.79,15.02,-0.07
10.97,493.36,15.44,-0.04
8.85,492.09,15.0,-0.01
7.8,493.93,16.23,-0.1
10.49,495.22,16.03,-0.08
12.67,496.13,15.9,-0.06
12.01,495.64,14.34,-0.09
5.06,491.85,16.17,0.05
15.85,497.44,16.82,-0.0
21.17,496.23,16.0,0.07
12.53,494.11,15.69,-0.08
5.76,492.96,17.59,-0.08
12.85,492.99,16.0,-0.05
17.44,494.01,15.5,0.04
15.87,498.05,15.54,-0.01
11.07,497.75,14.33,-0.02
9.84,494.41,14.05,-0.01
11.39,492.19,12.43,0.08
9.25,492.54,15.28,-0.23
15.87,495.55,16.09,0.01
10.83,495.39,16.71,-0.07
13.63,495.23,15.79,-0.06
19.05,494.59,14.67,-0.12
16.42,495.31,15.99,-0.05
17.03,497.61,15.74,0.06
21.83,494.51,14.88,0.05
13.3,496.96,16.11,-0.06
25.01,501.23,14.9,0.07
22.07,499.14,15.66,0.17
18.51,492.32,12.76,-0.01
14.69,493.23,13.27,-0.03
15.25,494.24,14.25,-0.05
11.15,493.93,16.23,-0.14
10.48,494.15,16.45,0.01
8.08,496.7,16.71,-0.0
17.14,500.59,16.12,-0.02
9.42,497.86,16.44,-0.04
7.73,494.75,15.08,-0.01
13.14,495.03,12.93,-0.12
6.81,493.55,15.09,0.04
4.2,493.58,16.95,-0.08
6.76,495.03,19.1,-0.16
10.21,497.09,19.01,-0.08
8.44,499.24,19.63,-0.03
7.01,496.17,19.41,-0.1
15.2,498.46,17.51,-0.05
18.02,498.93,17.26,-0.0
20.02,496.36,16.86,-0.01
16.34,494.44,15.15,-0.08
15.95,496.53,15.57,-0.04
13.28,494.86,15.65,-0.04
6.5,490.59,15.24,-0.12
6.35,490.38,16.55,-0.1
19.18,494.79,14.1,0.04
19.08,496.87,16.0,0.02
15.6,496.64,17.08,-0.12
9.99,493.76,16.12,-0.03
5.33,495.51,17.55,-0.07
8.26,495.35,16.99,-0.05
13.38,495.03,14.86,-0.07
19.11,494.79,13.46,0.1
6.51,493.71,14.5,-0.12
11.07,494.4,17.33,0.03
13.15,494.81,15.65,-0.16
16.51,496.5,14.63,0.05
8.54,494.15,15.33,-0.03
17.89,494.14,14.84,-0.06
27.06,494.3,13.13,0.05
22.1,498.89,15.01,0.08
21.39,500.46,16.68,0.08
18.53,496.93,15.86,0.07
26.6,497.95,16.47,0.08
20.51,498.87,16.14,0.04
23.83,494.69,15.13,0.19
15.86,496.37,18.16,0.04
13.47,496.48,18.06,0.01
9.89,494.12,16.09,-0.13
8.15,495.5,17.7,-0.05
9.73,494.41,16.69,0.03
12.49,495.36,16.09,-0.02
17.53,496.66,16.12,0.02
19.55,495.68,15.22,-0.13
11.02,494.12,15.2,-0.05
13.91,496.42,15.77,-0.02
14.8,497.81,16.23,0.04
39.12,499.75,16.16,0.05
17.32,494.92,14.95,0.02
10.64,494.8,14.05,-0.02
10.48,495.54,15.15,-0.02
10.11,495.46,17.09,-0.0
12.48,496.31,16.55,-0.05
12.45,492.32,14.87,0.09
13.53,498.2,19.03,-0.12
15.33,500.74,19.59,0.03
15.08,498.5,17.4,-0.0
16.19,498.63,17.16,0.05
18.41,495.93,15.21,0.08
27.24,498.38,16.88,0.01
19.47,496.83,16.2,-0.05
15.05,499.14,18.32,-0.07
29.64,498.09,16.47,0.09
16.93,498.14,17.09,-0.03
12.77,495.26,15.97,-0.05
25.54,496.25,13.48,0.0
20.73,495.85,14.83,0.03
13.7,493.17,14.24,0.01
5.79,493.8,16.65,-0.02
8.76,499.25,19.41,-0.01
8.31,494.71,17.03,-0.05
13.14,495.1,15.47,-0.02
16.54,495.2,14.03,-0.11
7.8,496.35,17.34,-0.01
9.8,492.87,15.86,-0.09
13.61,493.5,15.02,-0.1
20.85,494.75,13.71,-0.06
8.87,493.42,16.19,0.0
19.68,491.75,14.24,0.14
42.61,494.86,12.63,0.21
30.64,498.12,15.01,0.04
26.84,500.06,17.93,0.03
16.31,497.77,16.84,0.06
16.79,495.99,16.4,-0.03
12.56,496.84,16.91,-0.08
15.59,493.49,14.82,0.03
23.79,495.21,15.12,0.02
17.58,494.82,15.08,0.06
14.52,495.38,16.63,0.01
10.63,497.13,16.81,-0.07
8.62,496.13,17.11,0.01
18.24,495.44,15.53,0.01
31.52,495.24,15.48,0.12
26.9,494.6,15.3,0.09
7.47,493.9,16.07,0.01
12.3,495.6,15.78,-0.04
16.49,495.23,16.31,0.07
25.33,495.47,15.89,-0.03
11.36,493.2,14.36,0.0
10.72,497.74,15.07,0.03
10.67,496.5,17.35,-0.13
15.92,497.28,16.98,-0.02
12.53,493.35,16.33,-0.08
11.87,494.06,16.75,-0.04
16.0,497.76,17.51,-0.06
12.8,496.14,18.49,-0.04
15.88,496.67,17.17,0.12
20.27,496.39,15.24,0.04
16.84,494.63,15.9,0.09
15.13,497.82,17.34,0.03
11.92,494.88,15.79,-0.12
8.87,493.62,16.8,0.0
37.33,500.43,16.13,0.06
31.79,501.46,16.84,-0.09
22.12,494.06,14.45,0.08
23.72,496.24,14.76,0.03
17.56,495.73,15.48,-0.07
8.35,497.56,17.96,-0.07
4.07,492.69,16.33,0.05
16.1,493.82,13.56,-0.03
19.39,496.15,15.13,-0.06
29.7,501.1,16.2,-0.02
26.43,499.6,15.98,-0.07
16.28,495.96,15.79,0.03
21.87,494.6,14.52,0.04
19.03,498.24,17.77,0.06
15.08,495.2,16.57,0.05
11.64,492.24,16.24,0.03
19.31,493.63,13.71,-0.07
42.54,494.53,11.62,0.13
28.86,494.74,13.25,0.16
17.63,495.87,14.86,0.03
10.19,494.5,16.01,-0.04
12.33,493.85,15.57,0.04
10.85,493.53,15.62,-0.1
11.66,491.48,14.83,0.03
21.8,493.49,14.41,0.11
14.51,494.47,16.11,0.08
13.11,497.13,16.64,0.11
9.8,497.68,16.12,0.07
10.72,496.64,16.04,-0.07
18.64,497.28,15.69,-0.0
22.91,495.59,14.14,-0.04
21.34,493.75,13.64,0.08
8.77,496.56,16.37,-0.01
5.2,491.88,16.47,-0.15
10.81,493.72,16.51,0.09
13.6,494.95,15.0,-0.02
15.3,493.45,13.0,-0.01
13.27,495.46,14.34,0.08
15.51,493.29,15.77,0.0
18.94,495.59,14.9,0.01
13.26,495.75,16.32,-0.02
15.64,497.06,16.99,-0.04
14.04,496.75,16.21,-0.25
9.12,494.64,18.04,-0.16
12.14,496.04,17.6,-0.05
21.99,496.03,14.66,-0.02
14.72,494.21,15.65,0.08
11.0,496.56,16.38,0.01
6.98,495.97,16.81,-0.08
7.51,493.67,15.91,-0.12
18.54,496.13,15.41,0.07
20.51,495.09,14.23,0.08
13.04,491.8,14.18,-0.02
12.01,494.21,15.46,0.03
9.49,496.93,17.7,-0.16
15.26,502.88,17.62,0.01
9.7,496.28,17.09,0.02
12.82,497.16,16.74,-0.05
22.71,497.61,14.91,0.04
43.13,502.04,16.17,0.04
30.62,499.52,16.89,-0.06
25.99,495.3,14.82,0.08
24.62,498.14,15.85,0.01
23.53,501.89,17.3,0.09
17.85,496.1,16.89,-0.17
17.86,492.99,15.99,0.01
8.38,491.92,14.3,-0.03
6.21,492.82,13.81,-0.09
13.82,495.13,15.2,-0.03
13.38,495.45,14.84,-0.07
6.69,493.0,16.42,-0.05
6.0,491.05,17.52,0.04
13.95,494.62,18.31,0.06
13.62,496.9,18.4,0.11
10.83,492.8,15.8,-0.07
19.41,496.09,15.43,0.08
15.07,495.66,15.68,-0.0
10.05,492.71,15.64,-0.08
8.96,492.61,15.56,-0.1
11.98,494.93,15.59,-0.11
13.13,494.01,14.02,0.01
11.34,494.09,15.04,-0.08
9.66,496.44,16.43,-0.03
8.49,492.34,15.81,-0.03
16.2,494.55,15.55,-0.14
20.77,496.36,14.77,-0.04
26.69,494.94,12.84,0.02
11.98,495.35,16.55,-0.07
9.61,493.63,16.17,-0.1
11.8,493.76,15.46,-0.01
16.11,496.61,16.24,0.03
16.79,498.12,16.68,0.04
16.39,495.48,15.91,-0.11
10.83,491.38,13.99,-0.18
10.16,493.06,15.75,0.05
18.67,495.88,14.85,0.07
12.15,494.07,15.69,-0.07
10.53,497.64,17.21,-0.01
14.39,497.79,16.97,-0.02
13.5,495.29,15.08,0.01
9.71,497.44,18.78,-0.04
15.86,496.28,16.16,0.03
17.49,493.36,14.11,0.01
10.53,492.13,14.71,0.01
10.5,493.83,15.98,-0.06
12.22,495.26,17.09,0.07
13.98,497.6,17.38,-0.09
11.19,498.87,19.06,0.01
12.72,493.44,15.84,0.1
13.48,493.94,16.08,0.01
19.99,492.34,14.65,-0.02
23.88,493.87,14.39,0.03
22.51,496.31,14.31,-0.02
15.75,495.82,15.67,-0.06
14.91,493.69,13.8,-0.04
23.04,496.43,14.46,0.06
11.36,497.23,15.58,-0.13
2.46,492.78,19.94,-0.13
5.17,494.31,17.69,-0.2
7.68,496.28,19.06,-0.1
13.65,495.73,17.15,-0.01
18.06,495.51,15.27,0.01
25.25,495.97,14.93,0.01
35.19,494.1,13.29,0.01
20.04,496.46,16.68,0.02
21.92,498.18,17.34,0.01
17.73,496.14,15.31,-0.04
8.17,491.36,16.26,-0.07
6.14,490.87,16.07,0.06
9.32,495.58,18.3,-0.09
15.22,500.86,19.36,-0.07
18.68,496.89,15.45,0.04
12.35,496.75,15.45,-0.18
12.01,494.35,15.43,0.02
15.67,496.27,15.78,0.16
19.0,498.48,16.04,0.01
17.24,499.31,16.1,0.04
7.84,495.79,18.12,0.01
8.3,493.63,17.7,0.06
15.01,494.37,15.51,-0.01
14.05,496.08,16.2,-0.03
14.52,497.41,16.4,-0.01
16.74,492.88,13.85,0.12
8.51,490.79,14.22,0.07
6.34,491.82,15.13,-0.05
10.76,495.11,15.67,0.0
8.97,495.49,17.32,-0.1
19.35,497.96,17.09,0.02
21.26,498.01,15.67,0.02
17.99,496.79,16.16,-0.04
15.36,501.31,21.26,-0.09
20.28,499.99,16.87,-0.05
35.69,497.35,14.98,0.11
17.0,494.68,15.13,-0.15
11.56,493.32,15.37,-0.04
12.16,492.6,15.41,-0.05
10.05,491.86,14.94,-0.03
6.59,491.82,17.79,-0.07
11.46,495.54,17.51,0.03
18.47,493.84,15.47,0.08
22.56,493.22,15.07,0.04
20.67,492.32,13.77,0.13
12.68,492.64,14.9,0.03
12.07,497.26,16.69,-0.06
12.91,496.69,16.26,-0.15
16.51,498.97,15.48,-0.04
8.16,499.03,16.75,-0.01
8.16,498.92,17.36,-0.14
8.23,499.64,17.63,-0.05
10.89,498.81,18.49,-0.04
14.12,499.71,19.5,-0.05
19.74,495.89,16.48,0.12
26.17,493.63,14.01,0.08
21.48,492.95,13.99,0.04
25.33,498.04,17.04,0.01
25.83,502.01,18.39,0.06
9.46,498.45,17.49,-0.12
5.38,492.38,14.35,0.05
6.09,495.85,18.65,-0.05
13.14,498.76,17.19,0.01
15.69,497.55,16.41,-0.04
17.01,496.65,16.38,0.01
12.99,498.86,16.77,-0.01
14.33,495.75,14.73,0.04
17.51,495.24,14.36,-0.15
12.52,497.48,16.62,-0.04
9.15,497.9,19.32,-0.03
9.39,497.04,18.34,0.0
9.52,494.58,18.09,-0.14
10.93,495.48,17.16,-0.05
11.83,492.68,14.42,0.09
7.58,492.6,15.22,-0.04
12.9,493.52,15.05,-0.0
18.75,495.0,13.81,0.03
11.99,495.57,14.58,0.07
12.03,497.32,16.14,-0.01
7.45,495.96,16.95,-0.14
17.04,495.6,15.73,0.01
22.78,496.8,14.72,0.03
14.5,495.42,16.48,-0.01
16.57,499.61,19.33,0.04
19.66,499.35,17.27,0.08
33.24,498.56,16.71,-0.15
26.69,494.24,14.52,-0.01
10.2,494.82,17.0,-0.11
12.26,503.46,23.78,0.01
13.16,497.9,19.85,-0.08
9.4,497.23,19.14,-0.06
6.18,494.88,18.86,-0.03
9.39,493.77,16.78,0.06
27.94,497.55,14.58,0.07
19.79,495.64,14.06,0.08
12.08,495.58,16.12,0.08
16.62,496.24,15.25,-0.05
15.49,495.36,15.83,-0.02
10.58,493.36,17.46,-0.08
4.79,493.56,17.43,0.02
11.0,496.99,16.0,-0.06
7.62,495.95,16.93,-0.11
7.3,497.94,18.77,-0.04
9.95,498.06,19.09,-0.18
17.48,497.6,16.93,-0.02
17.19,497.07,16.5,0.05
12.43,494.09,15.11,-0.08
9.93,497.66,18.11,-0.07
10.42,497.38,16.97,-0.09
8.8,495.75,15.57,-0.08
13.61,495.59,12.41,0.02
7.19,494.62,14.98,0.06
15.81,497.32,16.64,0.0
17.26,496.23,15.68,-0.09
10.72,496.26,17.49,-0.09
13.45,502.75,19.92,-0.08
11.54,496.37,16.35,0.1
12.77,493.81,14.42,0.02
16.86,491.86,13.17,-0.06
14.24,490.93,12.85,0.01
10.16,494.23,15.81,0.03
12.75,495.48,15.97,0.01
8.52,497.62,17.88,0.07
7.21,495.33,16.35,-0.12
10.22,496.22,13.7,-0.05
9.77,495.01,15.66,0.02
22.77,496.77,14.52,-0.01
21.49,501.31,16.51,0.19
15.23,498.91,17.55,0.07
4.53,493.0,16.45,-0.08
12.91,495.74,15.42,0.06
8.32,495.38,15.75,-0.02
9.1,497.86,18.93,-0.12
11.54,498.95,17.44,-0.02
11.23,493.02,15.31,-0.0
26.47,493.85,14.77,-0.04
24.75,497.85,16.83,0.05
11.83,497.0,17.53,-0.01
17.25,500.56,20.9,-0.08
22.06,496.43,16.66,-0.02
10.72,493.23,16.96,-0.01
11.1,494.56,17.49,-0.05
12.18,495.67,17.1,-0.08
20.26,499.29,16.43,-0.02
14.57,496.54,16.53,-0.07
5.72,495.02,16.97,0.04
10.53,494.87,15.13,-0.05
16.32,498.23,16.18,-0.05
16.51,500.34,19.01,-0.1
12.86,500.01,18.61,-0.13
17.98,499.8,16.35,0.02
22.17,495.76,15.28,0.11
12.13,493.5,16.32,-0.05
13.81,496.3,16.33,0.01
15.15,496.02,15.02,-0.07
5.9,492.75,15.89,-0.11
6.17,496.29,19.25,-0.04
16.28,500.15,18.08,-0.04
12.27,498.76,17.02,0.03
10.35,496.09,15.19,-0.08
17.57,496.43,12.91,0.03
14.1,494.32,14.3,0.07
25.11,497.8,16.09,0.29
24.89,494.57,13.59,0.22
16.29,497.02,16.36,0.02
27.76,502.01,16.97,-0.15
16.2,499.24,16.52,0.04
13.5,498.1,17.31,-0.01
18.97,493.55,14.7,-0.01
23.75,494.94,12.95,0.1
19.83,495.07,14.01,-0.13
12.39,495.68,15.69,-0.01
5.22,494.05,18.12,-0.0
9.36,494.67,14.29,-0.09
12.99,495.07,13.24,0.1
10.47,494.58,16.87,0.02
18.42,497.51,16.26,0.08
22.23,500.12,16.89,0.02
14.29,498.53,16.66,0.04
9.1,495.15,15.93,-0.16
34.0,496.01,11.7,0.0
12.87,494.28,14.7,0.08
18.79,501.32,18.99,-0.08
17.08,500.5,17.26,-0.06
8.48,490.64,14.62,-0.07
14.86,492.78,15.6,-0.01
19.82,495.84,16.89,-0.14
12.93,493.49,17.03,-0.03
18.8,496.92,17.68,-0.13
22.82,499.13,17.29,-0.01
19.29,494.79,16.5,-0.04
14.57,495.35,16.48,0.01
12.32,495.91,16.76,-0.06
17.92,497.36,17.59,-0.13
13.63,494.3,16.69,-0.11
7.52,492.02,16.71,-0.03
6.86,492.03,16.81,0.03
12.49,499.12,18.38,-0.02
27.81,502.75,18.99,-0.02
17.26,500.26,18.88,-0.05
24.59,499.8,17.08,0.04
23.31,495.88,16.16,-0.11
20.4,493.66,15.16,0.0
10.34,496.25,17.26,-0.11
10.62,498.22,17.63,-0.05
5.83,495.91,18.17,-0.11
8.5,496.14,17.98,0.02
15.78,496.83,17.01,-0.05
16.64,495.91,16.5,-0.04
9.14,496.95,16.49,-0.04
5.23,493.57,15.58,-0.04
13.4,495.13,15.05,0.05
23.83,498.2,15.18,0.24
21.51,494.99,13.64,0.12
14.18,495.47,15.37,0.02
21.79,497.99,16.08,0.06
16.98,498.66,17.26,0.01
14.01,499.64,18.39,-0.08
14.31,496.75,15.79,0.06
24.92,496.28,11.9,0.15
14.16,494.11,12.57,-0.09
4.84,493.2,16.69,-0.13
6.6,492.46,15.3,-0.07
6.28,492.92,15.27,-0.19
6.5,493.07,16.31,-0.09
9.46,494.27,16.64,-0.08
11.02,493.65,15.55,0.04
12.26,495.82,16.33,-0.08
12.14,494.38,15.23,0.03
8.61,494.3,17.03,-0.09
37.12,496.27,13.27,0.02
15.5,494.85,14.33,0.03
6.56,496.4,18.11,-0.12
4.76,497.26,17.77,-0.13
3.0,489.04,16.3,-0.08
6.94,491.77,16.0,-0.06
15.24,498.14,16.97,-0.13
21.74,499.38,16.04,-0.08
13.28,498.61,18.41,-0.07
16.95,502.43,19.52,-0.03
11.89,496.71,18.44,-0.05
7.14,491.06,15.22,-0.09
13.02,493.74,15.11,0.02
25.92,494.5,14.86,-0.06
18.62,494.67,15.81,0.01
10.86,494.41,17.7,-0.09
13.13,493.74,15.48,0.09
21.49,500.44,18.13,-0.02
21.2,502.15,19.09,-0.06
11.65,494.53,17.53,-0.05
15.11,494.48,15.44,-0.02
10.21,493.61,16.48,-0.09
14.93,491.05,13.65,0.05
5.97,491.57,15.66,-0.02
7.97,496.43,18.32,-0.01
12.61,497.56,17.26,0.05
13.84,498.35,17.22,-0.06
11.6,495.23,16.58,-0.05
13.86,494.58,16.42,0.03
11.77,495.87,15.78,-0.0
5.32,490.81,15.65,-0.06
11.95,493.31,14.31,0.03
15.33,496.71,16.38,-0.06
20.44,496.05,15.79,-0.01
23.24,493.1,12.77,-0.12
15.15,497.62,16.13,-0.01
13.06,497.1,17.16,-0.01
12.77,496.89,17.87,-0.01
12.76,496.97,15.66,0.0
12.86,496.18,14.98,-0.11
6.59,493.63,15.18,-0.09
5.07,493.28,15.98,-0.02
10.28,494.54,16.94,-0.04
11.18,495.73,16.88,-0.1
6.73,492.76,15.84,-0.03
10.9,493.27,16.18,0.06
10.59,492.15,15.78,0.03
14.59,492.17,14.42,0.08
14.17,491.87,14.26,-0.09
10.28,494.44,15.92,-0.05
17.24,495.71,16.59,-0.01
12.17,494.9,15.88,-0.09
6.46,492.95,16.17,-0.09
10.5,494.21,15.81,-0.04
7.14,493.7,16.6,0.08
5.0,494.74,18.32,0.05
15.24,501.32,17.94,0.02
21.47,499.07,16.14,0.03
16.21,494.88,16.65,0.13
13.86,497.53,17.34,-0.01
3.78,492.86,18.74,-0.08
8.09,494.42,19.2,-0.03
13.85,494.04,16.68,-0.09
21.96,496.69,16.97,-0.18
12.88,497.36,17.61,0.01
19.95,496.45,16.93,-0.01
35.86,494.65,14.47,0.23
34.7,495.49,15.34,0.16
19.41,496.79,16.14,-0.11
11.91,495.09,16.28,-0.09
18.35,495.76,15.59,-0.07
9.09,495.88,17.44,-0.04
6.42,495.09,18.01,-0.1
3.3,490.03,16.12,-0.0
8.34,493.02,17.15,-0.1
23.26,495.36,15.06,0.07
17.57,496.38,14.91,0.08
9.48,494.06,15.6,-0.07
19.4,496.51,15.08,-0.03
28.46,493.68,13.67,0.18
17.71,490.45,12.95,0.03
18.22,494.24,14.47,-0.03
22.59,498.38,16.11,-0.04
25.08,499.29,15.98,0.08
26.85,495.73,13.6,0.03
7.77,495.66,17.47,-0.11
8.83,495.14,16.14,0.04
16.97,498.09,16.43,0.06
16.93,495.97,15.94,0.13
10.56,495.15,15.53,0.03
4.82,492.35,14.24,-0.1
17.57,497.61,15.57,-0.1
21.66,496.19,15.19,-0.04
15.45,494.36,15.3,-0.01
10.97,491.84,15.8,0.24
14.75,492.91,15.05,0.02
19.72,494.41,15.62,-0.0
19.08,497.59,16.77,-0.1
16.32,496.06,16.57,0.08
12.37,498.04,16.27,-0.09
14.24,493.28,15.74,0.02
13.37,495.2,16.24,0.02
14.16,495.24,15.69,-0.05
20.24,496.8,15.64,0.02
10.98,496.76,17.51,-0.05
13.3,495.88,16.12,0.09
14.15,499.39,17.92,-0.1
15.23,498.41,17.99,-0.19
11.85,497.05,17.98,-0.04
6.99,497.97,19.69,-0.14
6.4,490.64,15.43,-0.0
17.18,495.52,16.15,-0.04
18.12,494.1,15.47,0.01
18.23,496.49,14.42,-0.01
21.21,497.23,14.58,-0.03
25.21,497.1,15.75,-0.0
30.53,497.65,16.31,0.01
26.62,497.2,16.6,-0.09
16.75,494.09,15.44,-0.0
18.96,496.65,15.81,-0.04
21.74,497.67,16.06,0.06
10.27,498.12,18.21,-0.04
6.67,495.12,17.11,0.01
6.84,492.66,16.12,0.03
5.84,490.69,15.38,-0.04
13.78,494.11,14.89,-0.05
17.48,496.42,14.93,-0.05
8.56,494.75,16.44,-0.05
10.77,496.18,17.82,0.02
20.18,492.78,14.25,-0.08
16.71,492.12,14.6,0.05
12.15,492.42,15.08,0.01
12.83,498.55,17.49,-0.05
14.46,499.66,17.27,-0.16
16.93,500.94,17.8,0.02
13.83,494.05,15.59,0.07
14.07,494.63,15.11,0.11
18.58,498.26,16.02,0.0
13.09,494.44,15.27,0.03
6.38,491.53,13.56,0.03
5.11,493.56,17.71,-0.1
14.53,498.32,17.38,-0.09
21.76,497.47,16.64,-0.06
14.01,495.64,16.28,-0.01
11.68,495.16,16.67,0.09
14.34,498.61,17.32,-0.04
10.3,493.07,16.12,0.03
15.78,497.47,16.94,-0.02
13.08,499.96,18.42,-0.06
24.48,502.73,17.25,0.07
11.47,492.8,16.02,-0.11
13.23,497.34,16.68,-0.09
8.14,492.57,16.1,-0.08
10.38,491.49,15.25,0.01
14.82,494.02,16.07,-0.05
14.34,494.25,16.0,0.01
12.04,499.57,19.32,0.03
13.62,501.73,18.95,-0.03
10.16,498.58,18.57,-0.1
6.5,493.09,15.5,-0.02
4.04,489.79,15.78,-0.07
7.87,494.24,15.99,-0.0
6.67,493.24,16.01,-0.12
16.62,493.77,13.84,0.02
23.58,496.9,16.02,-0.03
18.61,497.59,16.25,-0.07
12.62,497.06,16.75,-0.06
7.68,493.87,17.35,-0.01
18.58,497.21,15.75,0.04
28.28,499.68,15.91,0.05
20.24,499.36,16.55,-0.05
11.58,495.66,15.7,0.1
17.53,495.78,16.59,0.04
21.25,496.93,16.33,0.02
9.18,493.83,15.5,-0.12
15.77,495.97,15.38,-0.03
22.79,497.28,15.0,0.03
8.77,494.25,16.42,-0.05
6.62,491.33,15.41,-0.02
21.38,493.98,14.98,0.05
22.65,494.11,15.0,0.06
11.31,495.66,16.23,-0.06
14.66,500.48,17.03,-0.03
15.59,497.17,16.78,0.03
14.17,501.1,19.31,-0.12
7.7,492.73,16.76,-0.13
9.3,494.99,17.52,-0.04
10.88,496.87,17.05,-0.11
12.45,496.21,14.76,-0.1
13.36,495.93,14.92,0.02
9.98,494.79,16.6,-0.03
18.23,493.46,16.26,0.03
25.21,494.36,16.11,-0.02
15.26,494.85,16.82,-0.07
8.5,493.15,15.12,0.06
5.48,496.39,20.32,-0.13
4.89,493.49,20.49,-0.05
5.81,492.58,17.42,-0.01
10.44,496.31,18.54,0.02
20.28,502.79,19.5,0.07
8.99,495.46,16.54,-0.07
15.48,496.45,15.52,-0.04
9.16,494.14,15.8,-0.05
7.35,488.02,14.98,-0.03
12.18,493.86,17.17,0.12
15.97,501.76,20.85,-0.04
18.57,502.84,20.52,0.02
17.41,498.58,17.63,-0.01
23.19,499.28,15.97,-0.01
18.08,495.52,15.37,-0.09
8.17,497.49,17.77,0.06
12.2,498.66,17.42,-0.02
13.39,493.18,16.11,-0.04
21.27,494.15,15.38,-0.02
20.04,494.93,15.87,-0.09
14.1,494.26,14.66,0.05
6.88,494.54,16.05,0.1
8.8,494.05,16.33,-0.11
20.81,496.54,15.14,-0.0
15.25,498.15,16.79,-0.14
11.81,496.12,16.68,-0.08
13.29,496.45,16.36,0.05
19.76,494.76,16.42,-0.03
20.63,499.64,17.04,0.02
12.76,495.63,15.18,-0.06
16.24,497.4,16.41,0.07
24.88,497.28,17.13,0.01
11.72,492.37,14.72,0.06
15.46,494.33,14.71,0.14
22.37,494.74,14.27,0.03
21.86,497.97,15.96,-0.01
16.9,495.6,15.11,0.03
17.44,497.49,16.53,0.03
20.32,495.99,15.63,0.12
11.05,497.87,17.75,-0.01
8.15,496.13,18.12,-0.14
11.26,494.34,16.75,-0.06
10.18,496.5,16.67,-0.06
14.17,495.56,14.13,0.04
15.3,496.4,15.33,-0.05
9.78,496.96,17.02,-0.08
11.27,496.02,17.88,-0.05
14.56,498.0,19.0,0.02
11.83,494.11,17.14,0.0
3.17,488.65,17.02,-0.01
10.31,499.4,25.22,-0.16
11.22,500.61,24.22,-0.15
5.14,492.87,18.5,-0.08
6.62,492.72,16.69,-0.09
12.02,497.91,17.04,-0.04
8.41,493.95,15.38,0.04
13.55,496.35,15.81,0.01
9.53,492.93,16.25,-0.11
11.69,494.24,18.82,-0.01
17.42,497.34,17.33,-0.04
28.62,498.69,17.14,0.04
14.63,498.11,18.43,-0.01
14.44,496.41,16.71,0.05
18.54,496.42,15.95,-0.02
15.22,494.43,15.65,-0.05
11.85,498.66,18.1,0.09
25.15,501.46,17.17,0.02
20.84,496.8,15.27,-0.0
16.65,496.55,14.99,-0.06
10.51,494.96,16.07,0.02
8.73,494.54,16.33,-0.06
4.09,493.97,17.57,0.02
8.9,494.5,15.67,-0.09
14.79,495.93,14.23,-0.02
8.38,496.1,16.67,-0.07
8.75,494.84,16.98,0.03
7.23,494.67,16.98,-0.02
10.94,494.92,16.94,-0.02
19.33,496.7,15.98,-0.05
18.65,493.59,13.38,0.04
15.45,495.64,16.83,-0.05
15.13,497.53,17.97,0.04
13.48,492.28,15.72,-0.12
15.28,492.74,14.34,-0.06
9.12,492.58,14.93,-0.01
10.69,492.05,15.43,0.07
12.79,495.26,16.66,-0.01
12.8,496.64,16.58,0.02
14.74,499.13,17.99,-0.07
13.94,497.77,17.1,0.02
18.12,494.91,15.59,0.02
14.56,496.38,17.72,-0.02
18.05,497.67,16.04,-0.04
23.26,497.28,14.17,0.13
10.47,495.61,15.54,-0.18
9.43,494.92,15.05,0.05
14.13,496.18,14.76,0.04
5.97,496.85,18.37,-0.11
3.01,496.11,19.19,-0.08
1.63,492.8,24.13,-0.22
4.67,496.8,21.43,-0.06
6.31,494.37,16.79,-0.03
6.64,497.28,17.17,-0.04
4.59,492.66,16.78,-0.13
8.96,496.48,15.89,0.0
5.93,491.89,17.27,-0.05
10.49,494.76,16.63,-0.0
13.04,492.48,14.97,0.05
19.66,496.56,14.59,-0.02
15.92,495.28,14.56,0.03
19.35,495.91,15.61,-0.1
19.53,498.33,16.1,-0.08
10.45,494.76,16.68,-0.03
10.37,495.05,17.13,-0.01
8.11,493.63,15.89,-0.14
7.23,494.22,16.76,-0.08
14.78,497.11,17.5,0.08
19.47,499.25,18.5,-0.08
14.74,500.37,19.57,-0.02
9.83,494.89,17.75,-0.09
10.52,495.01,16.94,-0.04
11.08,494.35,15.25,-0.09
5.37,492.22,15.37,-0.05
15.34,495.22,14.14,0.1
26.02,497.71,15.07,-0.03
19.32,496.27,16.2,-0.01
8.05,496.82,18.91,-0.12
9.27,494.78,17.19,-0.07
24.55,495.62,13.16,0.1
17.36,493.6,13.17,-0.02
14.91,495.82,14.66,0.01
27.26,497.09,14.7,0.06
16.81,492.98,15.31,-0.08
7.96,495.31,17.39,-0.02
7.65,494.28,17.89,-0.03
16.1,490.76,14.01,-0.01
30.96,496.41,15.85,0.0
11.9,499.09,17.77,-0.08
10.09,497.78,17.25,0.02
16.36,497.76,16.18,0.05
17.32,493.51,14.46,-0.0
18.45,495.23,14.58,-0.0
16.6,497.15,14.39,-0.02
9.04,496.85,14.98,-0.05
6.44,496.11,17.6,-0.06
13.2,495.18,14.32,0.05
19.23,495.6,14.56,-0.09
9.68,495.84,16.2,-0.1
3.82,496.58,19.24,-0.13
6.43,498.54,18.3,-0.07
10.68,496.98,16.92,0.03
13.37,493.67,13.9,-0.13
14.19,494.59,13.81,0.01
7.22,496.32,17.13,-0.1
7.24,498.89,19.43,-0.06
4.26,493.86,17.4,-0.16
7.07,493.28,16.51,-0.12
16.29,497.5,18.13,0.0
24.06,496.07,14.82,0.06
13.77,496.84,15.89,-0.04
19.3,499.17,16.13,0.01
27.94,501.42,16.18,-0.01
9.77,495.08,17.05,0.05
19.2,496.7,16.93,-0.11
20.93,497.56,15.6,0.03
8.18,494.34,16.69,-0.2
12.48,495.24,17.39,0.03
16.12,497.02,17.43,-0.04
16.61,499.15,16.16,0.08
10.65,495.13,15.68,0.01
9.86,491.23,15.19,-0.1
20.14,492.72,13.86,-0.01
17.13,492.1,13.21,0.09
24.53,493.43,13.82,0.11
26.4,497.93,15.63,-0.01
17.87,498.21,17.67,0.05
14.37,499.92,20.07,0.0
12.73,494.6,16.16,0.07
15.81,492.03,14.64,0.01
5.54,490.43,15.22,-0.06
5.24,491.66,16.09,0.01
15.44,495.05,14.9,0.07
12.46,495.92,17.07,0.07
19.97,494.65,15.76,0.02
15.31,494.61,16.85,0.02
13.86,494.8,15.58,-0.06
15.88,495.71,16.02,0.0
9.75,495.77,17.0,-0.09
11.68,493.47,13.87,-0.01
10.24,493.1,15.93,0.03
13.28,495.36,16.69,-0.07
15.66,499.01,17.54,-0.01
16.56,496.08,14.33,0.15
15.63,494.24,14.74,-0.02
12.19,494.54,15.66,0.07
13.71,494.22,15.23,0.02
16.3,494.94,15.4,-0.17
9.63,495.5,17.39,-0.03
8.4,495.0,16.61,0.07
13.91,499.77,16.76,0.02
21.32,495.81,14.78,0.08
19.08,493.53,14.71,0.02
16.34,493.04,13.61,0.15
10.59,497.27,16.05,-0.03
6.87,492.37,15.56,-0.04
11.51,496.69,15.95,-0.03
10.66,495.8,15.55,-0.02
12.86,500.43,19.74,-0.12
15.66,499.33,18.62,-0.05
17.25,504.52,18.72,-0.03
8.07,496.26,17.93,0.01
7.59,492.95,15.99,0.03
12.86,495.17,16.41,-0.05
22.99,499.03,17.36,0.08
22.23,498.81,15.86,0.01
12.25,496.16,17.47,0.01
9.72,493.67,15.49,-0.04
11.46,495.15,15.2,-0.02
20.66,496.74,14.09,-0.06
12.48,495.23,15.28,-0.07
11.09,494.42,15.27,-0.04
12.73,491.27,13.41,0.04
27.46,493.52,13.4,0.04
34.21,497.53,16.08,0.19
15.69,493.15,15.87,0.02
12.58,497.38,18.52,-0.1
27.04,499.82,16.22,0.02
17.51,497.59,16.77,0.08
14.31,495.77,18.46,0.03
6.83,496.41,19.6,0.0
8.22,492.27,14.62,-0.03
19.64,495.93,14.77,0.08
18.95,496.11,16.26,-0.85
20.47,493.83,14.79,-0.03
13.7,492.61,15.06,-0.06
8.41,493.81,15.92,0.07
6.99,493.82,17.59,-0.04
16.04,495.17,15.11,-0.1
19.86,494.0,13.92,0.02
13.66,492.33,14.75,-0.06
10.39,492.69,15.65,-0.08
12.91,497.16,17.72,-0.01
21.46,496.55,14.73,-0.15
18.63,497.27,16.76,0.03
13.95,496.74,16.51,-0.07
10.09,495.52,18.1,0.02
8.92,492.33,15.61,-0.0
8.05,496.91,20.31,0.01
16.44,499.89,18.56,0.01
14.14,497.38,16.91,0.04
11.98,500.62,19.91,-0.04
12.32,494.69,16.49,-0.02
7.88,493.1,16.0,-0.08
7.09,494.94,17.03,0.0
10.95,496.93,18.02,-0.02
19.62,497.2,14.92,0.02
9.45,494.3,15.31,0.05
12.6,491.8,14.92,0.04
14.84,496.02,15.79,0.06
13.79,498.03,17.15,0.05
16.09,494.41,14.98,0.11
17.57,496.66,16.15,-0.04
22.97,497.17,16.05,-0.06
29.29,500.95,18.78,0.22
22.48,498.6,17.8,0.12
12.3,497.0,18.24,-0.05
13.9,497.58,17.23,-0.07
14.86,496.54,15.65,-0.02
14.1,498.16,17.01,-0.03
20.14,495.98,14.13,0.01
14.09,495.9,14.66,0.05
17.3,494.9,13.06,-0.02
26.32,498.07,15.44,0.1
33.33,502.45,16.49,0.07
14.68,501.04,18.34,-0.01
13.91,497.44,17.86,-0.07
16.0,495.66,15.83,-0.06
11.13,497.16,17.32,0.07
20.48,499.5,17.76,0.03
18.17,495.48,15.56,0.11
14.02,495.39,15.76,-0.07
14.8,498.71,17.42,-0.05
16.12,497.76,17.83,-0.09
23.64,495.51,15.0,0.04
18.06,496.12,16.01,-0.11
11.17,493.57,14.35,-0.14
16.66,496.14,15.24,-0.01
21.1,498.2,15.72,0.0
10.3,495.45,16.12,-0.03
7.76,492.22,16.21,-0.01
11.63,493.23,16.09,-0.05
10.28,493.75,16.94,-0.02
8.62,493.1,16.16,0.0
10.71,495.58,16.83,-0.04
20.19,495.61,14.35,-0.02
12.63,498.25,18.55,-0.07
10.19,494.57,15.82,-0.05
14.14,495.14,14.66,0.2
29.02,498.15,13.76,-0.05
19.64,497.64,15.78,-0.03
12.82,498.72,18.08,0.01
13.59,496.63,15.12,0.08
9.89,495.09,16.3,0.06
8.52,496.25,18.1,0.03
12.11,497.93,18.74,-0.08
9.0,494.98,16.82,-0.0
9.07,495.4,15.9,-0.03
8.8,494.32,16.44,-0.08
9.16,493.3,15.89,-0.06
7.87,490.63,14.1,0.03
19.66,496.35,15.31,0.08
21.16,499.58,15.99,-0.18
15.03,495.22,15.33,0.11
17.74,496.09,16.32,0.12
14.26,496.79,17.33,-0.04
9.35,497.64,18.79,0.01
14.33,501.37,18.99,-0.07
12.46,497.71,17.93,0.06
10.92,497.55,17.62,-0.04
17.05,497.4,14.99,-0.01
10.54,495.8,15.46,-0.04
14.72,497.26,15.79,-0.07
23.51,497.79,15.55,0.01
24.3,498.98,16.01,-0.02
36.2,497.37,14.96,0.2
27.24,495.84,15.47,0.01
10.07,494.44,16.64,-0.07
14.56,497.72,16.65,0.09
25.37,499.49,16.79,0.0
30.43,493.09,12.77,0.07
20.75,492.1,12.81,0.19
12.38,497.08,16.13,0.04
11.52,499.45,18.07,-0.01
14.0,495.98,16.06,0.01
9.56,494.74,15.92,-0.07
8.0,493.03,14.97,-0.05
19.04,493.46,15.16,-0.07
36.82,495.92,14.32,0.19
19.43,493.82,13.47,0.05
10.66,493.03,15.91,-0.1
17.2,496.78,17.03,-0.01
8.5,491.75,17.08,-0.08
8.63,492.95,15.63,-0.06
10.6,494.75,15.87,-0.07
13.7,495.9,16.43,-0.07
15.56,498.05,17.71,0.04
22.84,495.95,15.43,0.0
22.21,495.23,15.37,-0.02
21.88,498.21,15.6,0.02
23.35,496.62,14.32,0.06
20.28,494.96,14.64,0.04
17.83,496.7,16.39,0.05
10.03,495.43,16.13,0.01
6.68,493.12,17.84,0.06
17.76,496.26,17.74,-0.02
14.66,499.01,18.12,-0.1
11.61,496.17,16.18,-0.1
6.61,494.08,15.43,-0.02
5.02,492.1,15.92,-0.04
3.33,491.53,18.0,-0.02
9.17,495.66,15.85,-0.05
15.38,497.16,14.32,-0.04
10.83,493.79,14.53,0.07
15.88,494.79,16.19,-0.06
17.39,496.07,16.58,0.03
11.45,495.69,16.45,0.01
6.67,496.92,19.24,-0.1
3.92,494.7,19.46,-0.2
3.7,491.32,17.34,-0.06
8.02,494.44,15.29,-0.03
4.94,492.55,16.0,-0.05
11.05,495.62,16.44,-0.11
22.83,497.35,15.83,0.05
23.83,497.33,16.19,0.03
18.73,492.97,14.94,-0.02
18.78,493.0,14.97,0.01
3.6,490.88,18.27,-0.17
5.69,493.75,17.5,-0.08
10.7,493.2,14.64,-0.1
16.3,492.93,13.38,-0.08
12.13,492.73,14.61,0.02
10.09,495.7,17.04,-0.04
12.94,493.1,15.43,-0.01
15.37,493.38,13.94,-0.01
6.12,493.15,16.95,-0.03
12.49,495.87,16.04,-0.02
21.18,493.69,15.04,0.04
24.04,495.41,14.19,-0.04
21.29,496.0,15.58,-0.02
12.55,494.06,16.39,-0.07
20.82,494.63,14.93,-0.08
10.59,492.87,14.59,-0.05
20.35,497.6,16.31,0.07
15.06,495.62,16.63,0.03
12.35,494.59,17.15,-0.04
15.5,495.13,15.88,-0.07
26.1,494.84,13.26,-0.01
19.52,491.3,13.56,0.03
16.74,494.22,15.22,0.01
13.43,494.33,13.94,0.15
19.78,494.73,14.29,-0.06
15.2,491.7,13.42,0.01
9.15,494.66,14.87,0.04
10.99,496.6,16.9,-0.02
17.77,498.88,17.12,0.13
12.62,493.93,14.68,-0.08
9.68,493.31,14.38,-0.01
8.81,495.77,17.29,-0.02
13.93,494.04,16.36,-0.04
13.83,496.85,16.6,-0.02
13.26,496.93,15.78,0.05
29.25,497.02,13.73,0.06
21.72,497.05,14.28,-0.02
19.81,494.67,15.56,0.0
16.9,496.35,16.96,-0.1
20.77,494.18,14.64,-0.05
13.82,495.59,15.09,-0.03
3.83,493.15,16.92,0.01
3.92,491.43,13.96,-0.11
5.92,492.59,15.17,-0.11
2.33,492.04,20.88,-0.11
5.41,491.83,17.07,-0.02
24.8,492.41,14.04,0.01
24.35,495.05,15.98,0.05
11.83,493.56,16.21,0.06
12.65,492.37,14.36,-0.03
9.9,494.63,16.57,0.04
4.96,492.11,17.48,-0.07
4.79,490.39,17.07,-0.15
13.73,495.0,16.95,-0.02
13.68,496.56,17.19,-0.07
6.79,494.82,18.78,-0.04
11.15,489.01,12.98,0.06
21.93,492.78,13.62,0.03
22.23,496.51,15.15,-0.03
22.6,496.59,14.78,0.05
26.07,494.38,13.72,0.07
24.92,495.62,15.25,0.1
14.97,496.7,17.37,-0.01
11.43,495.89,16.38,-0.06
9.46,493.68,15.62,0.01
9.99,494.19,16.79,-0.04
11.17,496.74,17.9,0.05
10.36,496.84,17.6,-0.05
11.2,496.35,17.35,-0.02
13.5,494.35,16.39,-0.01
16.33,495.97,16.14,0.07
17.86,496.49,17.01,0.15
13.75,494.08,14.94,0.21
9.2,492.75,15.33,-0.07
18.45,492.21,13.85,0.01
15.08,492.49,15.44,-0.01
8.75,496.11,15.83,-0.0
12.95,498.05,15.84,0.03
12.7,498.24,16.97,0.03
7.49,497.07,17.69,0.08
10.15,497.82,17.14,-0.02
8.8,491.64,16.67,-0.05
25.33,502.04,19.42,0.12
26.56,502.5,19.15,-0.12
13.5,494.74,15.9,0.02
15.77,496.74,14.64,0.02
11.28,496.9,14.63,0.01
9.58,495.7,15.36,-0.08
12.35,493.92,15.87,-0.01
22.12,495.04,14.91,0.03
16.13,496.47,15.58,-0.01
4.91,495.03,17.29,0.0
10.33,496.46,15.63,-0.06
12.44,496.07,14.71,0.01
10.99,497.6,17.7,-0.1
17.69,501.12,17.42,-0.04
16.24,494.04,14.96,-0.01
8.21,494.68,16.92,0.03
3.47,491.84,19.07,0.01
11.16,492.53,15.55,-0.08
15.66,493.97,15.65,-0.02
8.57,494.7,17.3,0.09
7.03,494.21,18.06,-0.12
8.86,493.94,16.42,-0.03
11.08,495.15,16.5,-0.03
12.49,495.14,17.15,-0.07
11.59,494.78,16.44,0.03
20.74,492.41,13.89,0.14
29.19,495.67,13.87,0.04
18.57,495.49,15.0,-0.01
14.92,495.65,15.72,-0.05
8.16,492.11,15.8,-0.12
8.66,492.78,14.21,-0.03
11.58,496.32,15.8,-0.04
8.51,496.73,18.17,-0.01
10.09,497.81,18.48,0.06
14.72,502.7,18.26,-0.0
14.08,496.4,16.78,0.02
10.63,494.22,16.99,0.03
8.47,495.61,18.44,-0.01
9.97,497.69,18.72,-0.1
22.1,496.73,15.85,0.5
18.74,497.69,15.89,0.81
14.87,495.24,16.93,0.01
16.29,495.43,15.56,0.23
19.96,500.08,17.64,-0.02
7.03,496.02,21.25,-0.04
11.27,494.24,15.94,0.02
17.58,496.04,14.72,-0.04
15.34,497.19,16.44,-0.04
15.09,498.08,18.2,-0.05
11.56,489.57,16.06,0.08
17.51,499.95,19.17,-0.07
18.21,501.06,19.09,-0.11
14.29,499.37,18.39,0.0
9.6,495.33,15.85,-0.06
10.71,494.18,13.85,-0.01
12.87,496.94,14.04,0.1
9.66,493.91,15.42,-0.09
11.94,495.63,16.25,-0.12
9.16,496.97,17.6,0.03
12.56,495.03,15.81,-0.09
14.7,499.99,17.43,-0.03
10.03,496.4,16.98,0.04
27.32,498.37,15.14,0.12
29.36,499.76,15.61,0.04
31.37,499.08,14.97,-0.04
13.1,498.22,16.13,-0.15
6.54,494.38,16.79,-0.1
7.51,494.13,20.01,-0.02
11.38,495.41,19.03,-0.02
7.12,493.24,17.54,-0.03
11.26,496.82,17.73,-0.13
11.45,495.5,17.21,-0.0
8.58,494.96,17.53,-0.05
18.87,499.32,19.2,0.03
31.74,496.69,14.27,0.02
21.1,492.52,13.36,0.02
15.38,494.94,14.86,0.09
12.29,497.74,17.87,-0.09
12.94,495.66,16.36,-0.13
11.09,493.94,15.36,0.05
3.53,489.94,17.7,-0.08
4.34,494.39,19.25,-0.02
5.39,493.33,16.1,-0.08
8.42,496.54,16.34,-0.05
12.05,501.03,18.93,-0.01
11.27,495.64,17.21,-0.12
11.33,493.68,15.84,-0.09
15.0,493.81,14.37,0.01
11.41,494.54,15.5,0.01
14.33,497.05,16.45,0.15
18.84,499.37,17.24,-0.0
12.2,496.83,17.12,0.06
14.04,495.04,15.7,-0.01
14.43,495.31,15.94,-0.02
5.7,492.73,19.58,-0.02
8.82,493.38,15.68,-0.06
19.86,497.96,14.32,0.02
9.49,493.01,15.77,-0.02
7.31,491.47,18.48,-0.05
20.17,490.22,14.62,0.13
22.49,495.3,16.03,0.03
9.69,495.83,17.52,-0.06
8.34,496.76,17.73,-0.04
11.61,495.56,16.64,-0.07
8.73,494.89,16.09,-0.06
9.18,496.24,16.95,0.0
14.09,496.2,16.5,-0.03
16.93,494.96,15.95,0.05
17.52,498.38,17.73,-0.1
12.34,498.69,17.78,-0.01
8.92,495.12,16.51,-0.11
14.92,494.33,14.54,-0.1
19.7,495.82,14.73,0.1
18.71,498.25,16.17,-0.03
30.19,499.94,15.63,-0.05
17.55,498.29,15.89,-0.09
13.29,493.18,16.05,-0.03
20.27,490.91,14.43,0.06
15.58,492.88,15.3,-0.05
8.7,493.91,16.23,-0.02
22.55,499.85,17.53,0.01
13.84,498.74,18.51,0.0
18.62,494.46,15.51,-0.03
20.0,494.48,15.08,-0.01
18.52,493.59,14.21,0.0
6.93,488.05,14.16,0.02
7.61,493.75,16.2,-0.02
5.7,494.76,18.4,-0.06
11.98,491.87,12.71,-0.02
11.73,493.53,14.66,-0.05
5.65,489.62,15.22,0.11
3.81,492.33,16.37,-0.05
6.1,495.63,15.69,-0.13
4.8,493.44,16.91,-0.12
11.46,497.47,18.06,-0.05
15.55,497.0,17.28,-0.1
14.12,492.09,14.06,0.01
15.55,493.16,14.0,-0.01
14.69,494.53,15.37,-0.15
16.45,496.18,15.98,0.02
14.86,497.29,16.38,0.03
13.85,496.02,15.58,-0.05
8.18,491.27,14.61,0.06
4.56,490.58,15.82,0.01
4.27,492.15,16.27,-0.07
6.82,491.65,14.52,-0.04
15.66,494.92,15.5,0.08
2.64,487.06,16.73,-0.16
4.64,490.91,18.36,-0.07
8.18,493.27,17.33,-0.07
15.05,495.8,16.15,0.02
10.96,495.27,16.6,-0.01
9.66,496.03,16.37,-0.03
12.49,498.78,16.73,-0.13
11.45,496.21,17.07,-0.09
11.88,497.63,17.49,-0.17
12.76,497.24,16.96,-0.06
17.09,493.79,14.71,0.09
19.33,498.43,16.61,0.07
11.76,497.59,17.92,-0.02
8.15,493.44,16.04,-0.13
14.53,493.24,14.31,0.02
18.98,497.75,15.53,0.0
12.4,494.98,16.06,0.02
11.55,493.94,15.25,-0.02
6.07,493.9,16.7,-0.05
8.52,492.67,16.01,-0.02
18.09,492.21,13.99,0.05
24.3,493.4,13.58,0.06
12.39,493.88,14.55,0.03
19.48,498.58,15.98,-0.01
16.09,498.89,17.34,-0.02
31.7,497.55,15.85,0.08
35.95,498.5,15.53,-0.0
18.92,496.84,15.22,-0.02
4.44,490.82,17.77,-0.1
5.66,489.77,15.09,-0.07
5.76,490.9,15.8,-0.02
9.73,492.43,15.64,-0.1
9.39,492.84,15.87,0.03
5.45,489.7,13.97,-0.02
11.93,494.27,15.37,0.03
13.27,495.17,15.45,-0.08
5.69,491.54,16.34,-0.13
10.77,495.22,17.25,-0.02
15.86,496.92,16.68,-0.08
12.87,492.99,15.08,-0.06
13.61,493.49,15.64,-0.14
16.4,490.97,13.67,-0.02
20.07,491.34,13.17,-0.01
19.76,496.62,15.17,0.03
10.09,496.88,15.95,-0.11
3.57,492.0,16.23,-0.14
3.83,490.68,14.99,-0.11
10.98,493.62,12.86,-0.06
10.08,492.97,13.11,-0.03
7.53,493.1,16.11,-0.05
4.92,493.26,17.01,0.1
9.51,497.65,18.31,0.13
13.22,495.69,16.41,-0.11
20.9,496.45,15.99,-0.0
18.2,494.56,15.2,-0.04
24.44,496.94,16.31,-0.02
15.0,496.22,17.57,-0.02
8.33,491.18,14.3,-0.13
3.31,493.44,19.32,-0.08
4.5,495.89,19.75,-0.14
8.24,494.54,15.66,-0.08
15.12,496.75,15.6,-0.14
12.45,498.01,18.54,-0.09
15.57,499.71,19.26,0.0
12.49,492.61,14.49,0.05
13.19,495.58,15.47,-0.02
10.22,494.73,16.89,-0.05
8.52,492.71,15.08,0.01
17.01,498.37,16.31,0.02
18.05,497.86,15.61,-0.03
20.53,496.26,14.06,-0.01
25.78,494.95,13.73,0.07
14.94,495.47,15.51,0.01
18.55,496.76,15.1,-0.05
19.37,493.96,14.33,0.05
17.66,496.25,16.73,-0.07
19.69,496.15,16.22,-0.03
13.94,494.2,14.98,0.03
7.48,494.02,16.59,-0.13
15.87,495.37,15.78,-0.04
24.25,496.06,15.4,0.02
21.41,493.65,14.6,0.08
13.02,495.25,17.18,0.08
19.31,493.54,14.31,0.09
28.29,494.21,14.37,0.06
17.87,492.86,15.22,-0.01
10.68,493.04,16.15,0.03
11.35,494.09,15.96,0.05
21.28,495.49,15.98,0.06
16.15,492.76,15.12,-0.01
8.39,490.67,14.76,-0.05
5.87,489.39,15.77,-0.05
9.83,493.85,16.51,-0.02
12.11,494.67,15.48,0.07
7.31,494.11,15.42,-0.06
7.9,494.33,15.12,-0.01
4.75,493.39,16.22,-0.07
7.62,497.37,16.07,0.06
7.03,500.75,21.45,-0.06
6.57,494.36,17.44,0.02
11.98,495.53,17.33,-0.05
19.15,497.99,17.37,0.03
22.49,499.06,17.49,-0.08
21.44,494.71,15.13,-0.04
21.38,495.25,15.29,0.01
20.43,497.05,16.86,-0.12
11.65,494.66,16.42,0.0
5.7,491.02,14.7,-0.12
2.47,490.79,18.54,0.03
6.27,495.16,18.77,-0.1
8.28,497.07,18.66,-0.05
6.03,493.78,18.04,-0.01
10.25,496.08,16.67,-0.03
13.51,494.71,15.94,0.09
13.78,495.63,16.0,0.02
9.66,494.54,16.82,0.04
11.7,493.28,14.29,0.04
14.46,494.3,14.09,-0.1
31.03,497.38,14.22,0.03
22.23,497.81,15.92,-0.01
13.82,496.78,16.52,-0.01
17.83,497.7,15.15,0.02
19.28,493.82,14.04,0.09
24.64,496.64,15.2,-0.02
16.5,493.98,15.51,0.03
11.84,489.97,14.7,-0.1
11.66,492.09,14.94,-0.04
16.14,494.52,16.62,0.01
13.92,491.97,14.75,-0.03
19.57,493.48,15.33,-0.03
23.21,495.13,16.18,0.07
32.62,494.02,13.49,-0.01
24.56,494.88,13.89,-0.08
21.77,494.4,14.71,0.0
21.84,489.5,12.84,0.18
15.48,491.39,14.53,-0.05
17.23,494.48,15.51,-0.04
16.4,495.38,15.5,-0.1
24.85,494.12,14.8,-0.04
12.92,493.03,15.44,-0.21
6.0,491.65,15.77,0.0
10.71,495.11,17.28,0.05
18.99,495.64,16.46,-0.07
27.92,493.85,14.1,0.24
15.27,490.93,13.58,-0.02
13.96,491.32,14.12,-0.03
12.91,492.66,13.97,-0.02
16.65,500.31,14.94,0.05
13.7,500.94,17.38,0.06
10.39,496.26,17.08,-0.02
10.6,496.45,18.58,-0.06
11.22,496.31,18.95,0.0
11.36,495.58,17.45,0.0
15.42,493.26,15.28,0.11
19.36,495.47,15.42,-0.01
12.65,495.33,16.58,0.07
15.45,493.79,15.55,0.0
12.08,494.75,15.23,-0.12
7.85,494.98,18.14,-0.02
7.85,493.22,17.97,-0.1
10.5,496.53,18.56,-0.06
7.33,496.95,17.69,-0.06
7.24,496.34,18.06,0.06
11.45,493.4,15.7,-0.01
23.57,497.12,15.81,0.07
13.55,493.06,15.35,-0.02
17.34,494.87,14.8,-0.08
19.16,494.0,15.02,0.04
19.23,492.93,13.78,0.07
12.85,493.66,15.04,-0.01
12.52,493.36,14.63,-0.11
10.06,492.68,15.53,0.01
12.72,494.71,15.69,-0.02
12.62,496.67,17.0,-0.1
8.53,494.15,17.65,0.04
9.33,493.42,17.43,0.15
12.24,495.01,16.81,-0.06
22.51,498.01,17.17,0.0
17.46,494.76,15.54,-0.11
20.89,491.76,14.54,0.0
27.58,496.69,14.92,0.08
23.25,496.97,14.17,-0.01
19.45,496.37,15.68,-0.06
15.7,493.12,15.33,0.05
6.37,489.09,14.02,-0.05
9.03,489.39,14.16,-0.06
10.44,492.56,15.43,-0.09
9.94,492.91,14.46,0.15
9.34,492.93,15.42,0.01
11.66,493.8,16.77,-0.06
16.89,492.77,15.48,-0.02
20.69,494.95,15.29,-0.03
23.25,495.6,14.91,0.12
20.11,496.37,16.05,0.09
20.92,491.93,13.68,0.05
28.33,491.17,11.84,0.07
21.01,492.89,12.48,0.07
12.91,495.76,13.54,-0.0
20.35,496.45,13.93,0.02
12.7,495.76,15.27,0.02
5.69,491.4,16.48,0.02
8.59,491.46,14.81,-0.03
12.8,500.16,20.37,-0.11
17.42,496.83,17.72,0.05
11.07,494.24,14.38,0.04
6.67,494.61,17.86,0.02
14.76,495.19,16.17,0.09
19.52,494.46,14.69,0.09
10.49,496.9,19.53,-0.06
8.99,493.41,15.87,-0.02
9.86,494.34,15.92,-0.11
11.06,495.6,16.94,-0.12
17.57,497.62,16.66,-0.08
15.96,498.5,17.26,-0.13
34.91,498.36,14.76,0.16
13.58,495.23,15.91,-0.06
11.84,495.4,15.86,0.01
10.25,492.52,15.14,-0.04
8.43,491.88,15.6,0.0
20.26,494.86,13.47,0.06
28.45,492.65,12.12,-0.01
12.57,493.91,15.6,0.03
12.76,496.42,16.83,-0.03
15.11,494.32,14.15,0.0
25.5,499.73,14.72,-0.03
20.64,497.24,14.45,0.0
9.37,494.58,16.01,-0.07
11.71,497.71,17.21,-0.06
18.84,496.26,16.29,-0.03
13.21,495.41,18.29,0.04
16.17,497.35,16.31,0.04
22.51,495.82,14.88,0.0
22.64,496.92,16.22,0.05
11.47,495.01,15.76,0.06
9.44,493.94,15.71,-0.02
7.87,494.39,15.73,0.01
6.38,493.21,15.66,-0.07
4.28,491.18,16.27,-0.11
3.68,491.82,18.55,-0.09
16.02,496.6,16.57,-0.05
18.71,495.14,16.24,0.03
12.84,492.38,13.83,-0.05
24.1,493.95,13.24,0.23
23.79,500.54,18.03,-0.14
26.15,497.34,16.77,-0.01
14.89,495.03,15.73,-0.06
8.16,492.38,15.64,-0.07
8.45,491.31,13.38,0.01
14.94,496.1,16.12,-0.11
13.41,499.25,19.35,-0.06
7.9,494.13,16.74,0.11
8.11,492.68,16.43,-0.03
14.7,497.57,18.22,-0.02
19.11,493.97,15.11,-0.02
12.14,494.65,14.33,-0.05
10.03,496.07,16.82,-0.05
16.85,496.2,16.09,0.04
20.51,495.06,14.79,0.04
17.91,500.21,16.82,-0.04
8.52,494.44,15.59,-0.18
14.5,493.44,12.86,0.01
9.07,494.36,14.18,-0.11
7.86,494.77,16.97,0.07
13.88,495.1,15.88,0.08
18.65,496.43,15.3,-0.01
22.07,496.61,13.94,0.04
12.44,493.4,13.81,-0.02
10.35,491.75,14.67,-0.07
12.15,493.49,14.93,-0.08
19.04,492.95,13.65,-0.01
22.97,493.55,13.76,-0.0
14.89,497.14,16.6,-0.08
21.83,498.35,16.42,0.08
15.2,493.74,15.61,-0.04
24.86,497.68,15.36,0.12
17.79,497.81,14.9,-0.01
15.49,496.86,15.51,0.05
15.28,496.59,16.42,-0.01
22.8,498.1,16.63,0.01
12.78,496.4,18.63,-0.01
13.54,496.77,18.12,0.02
16.23,493.31,14.84,0.03
4.78,492.2,17.09,-0.14
4.69,497.75,22.73,-0.15
13.62,500.11,21.03,-0.08
9.49,495.62,17.07,0.05
17.93,497.48,16.58,-0.11
12.36,495.94,16.04,-0.06
5.69,493.8,19.0,-0.05
17.45,495.69,14.34,-0.06
17.57,501.82,20.5,0.11
15.41,496.33,16.15,-0.03
14.44,493.23,15.05,-0.08
11.64,496.14,17.93,-0.02
17.39,500.07,19.99,-0.17
18.22,499.95,20.87,-0.07
14.12,491.39,13.85,0.08
11.25,491.4,13.43,-0.03
11.06,492.73,16.46,-0.16
16.21,492.11,16.2,0.01
3.67,494.11,18.22,-0.01
7.09,493.91,16.71,0.05
11.43,493.32,16.06,-0.06
19.01,492.91,14.54,0.01
17.22,494.99,15.37,0.09
10.36,497.63,16.46,0.14
7.02,498.05,19.94,-0.05
12.69,492.83,14.01,-0.02
14.95,495.23,14.65,-0.03
12.16,493.55,13.93,0.01
9.9,493.7,14.18,0.03
4.17,493.81,16.38,-0.05
6.24,495.38,17.49,-0.15
10.64,496.15,17.77,-0.12
18.94,494.52,15.42,0.03
25.58,496.07,14.39,0.2
12.27,493.72,14.23,-0.1
10.24,495.44,15.38,-0.01
13.17,496.35,15.47,0.02
16.19,494.35,14.41,-0.11
14.76,493.64,14.32,0.06
12.92,496.3,16.84,-0.03
12.15,497.25,17.56,0.04
11.71,496.97,18.42,-0.02
9.58,495.01,17.31,-0.01
13.84,496.37,16.53,-0.18
14.66,496.15,16.79,0.02
13.64,493.24,15.2,0.01
21.56,496.36,15.97,0.11
13.21,494.02,16.56,0.04
7.42,493.56,17.47,-0.03
9.15,494.48,16.65,-0.05
4.43,491.26,16.49,-0.2
8.47,497.48,18.26,-0.12
12.51,498.79,17.63,0.09
6.34,492.41,14.18,-0.11
13.42,498.11,16.71,-0.04
13.0,499.18,16.67,-0.01
4.33,494.14,19.56,0.02
11.31,493.7,16.83,-0.08
15.35,499.73,19.27,0.02
19.24,499.38,18.64,-0.04
16.26,496.82,18.27,0.01
13.81,495.02,15.83,0.02
9.49,495.93,19.11,-0.04
13.07,494.59,16.9,-0.04
21.3,493.4,13.51,0.05
14.52,492.92,14.75,-0.11
13.05,492.73,16.21,0.07
22.91,494.56,16.4,0.03
13.76,500.89,17.03,0.0
18.96,498.83,16.19,0.08
15.15,501.34,21.49,0.04
19.81,498.3,17.72,-0.03
16.22,494.77,15.97,0.04
6.62,496.83,19.45,-0.03
4.48,490.78,17.9,0.03
14.91,496.27,16.44,-0.15
14.13,497.92,17.91,0.05
14.65,499.21,19.31,0.03
9.13,496.45,18.17,-0.05
3.09,492.08,18.25,0.02
6.7,497.89,19.8,-0.03
20.46,500.86,18.91,-0.05
20.45,493.85,14.8,0.09
19.02,494.18,14.64,0.04
14.58,496.88,15.43,-0.01
8.18,495.58,16.56,-0.13
9.03,496.49,18.37,0.01
9.32,495.69,17.64,0.07
5.84,494.35,16.76,0.02
9.39,497.19,18.44,-0.15
15.1,499.52,18.75,0.06
22.23,503.22,20.01,-0.05
14.76,496.75,18.13,-0.04
14.42,496.24,17.18,-0.15
11.49,494.2,16.23,-0.1
12.6,493.26,14.49,-0.01
18.68,495.32,15.57,0.1
18.47,496.9,18.04,0.13
11.35,494.43,16.17,0.06
19.34,497.76,16.63,-0.08
13.9,493.65,16.54,-0.09
11.4,495.2,17.85,-0.04
5.58,496.64,18.98,-0.06
4.61,493.37,17.52,-0.1
8.77,497.56,18.77,0.04
10.6,498.57,17.76,-0.03
4.62,490.71,17.23,0.02
11.91,492.03,16.27,0.1
16.08,498.94,18.74,-0.05
29.89,500.74,18.44,-0.0
41.27,500.19,15.78,0.08
27.57,497.16,14.71,0.02
5.61,494.38,18.83,-0.05
11.0,495.43,17.47,0.07
20.9,499.5,19.1,-0.04
10.25,495.14,17.47,-0.13
11.03,494.9,17.97,-0.11
14.59,497.26,18.58,0.01
11.08,497.79,17.51,-0.01
14.21,498.83,17.08,0.05
11.84,502.0,21.98,-0.05
20.58,497.59,16.8,0.0
15.36,493.86,14.96,-0.04
12.32,492.17,14.73,-0.11
9.05,492.63,15.59,-0.04
19.95,498.28,16.3,-0.13
18.15,495.8,16.19,-0.11
13.68,495.28,16.36,-0.01
9.54,494.7,14.95,0.02
7.12,493.57,16.49,-0.08
10.78,495.39,16.96,-0.04
12.27,494.87,16.91,0.0
22.35,495.5,13.46,0.08
14.59,496.92,15.15,-0.14
14.27,501.04,18.49,-0.09
16.49,497.27,16.67,-0.01
14.16,495.27,17.24,-0.08
13.73,497.84,16.86,-0.1
13.81,494.17,14.96,-0.06
16.08,497.06,17.29,0.05
24.03,496.42,16.26,0.04
25.18,502.23,19.74,-0.0
13.94,497.4,18.65,-0.06
16.59,498.19,17.71,0.06
16.92,499.05,18.21,-0.0
8.79,493.45,16.73,-0.04
16.98,494.8,16.02,0.04
19.94,495.46,15.88,0.07
15.19,494.68,15.73,0.03
21.03,496.15,16.3,-0.1
15.72,495.55,16.87,-0.07
12.08,496.52,18.09,-0.11
11.76,494.41,14.08,0.04
16.3,495.39,13.45,-0.01
11.59,491.95,15.82,-0.07
10.84,491.5,15.74,0.03
10.8,492.86,15.49,-0.09
15.24,492.84,15.68,-0.01
16.38,495.5,17.21,-0.1
21.14,496.64,16.5,-0.0
42.98,497.6,15.11,0.17
21.89,496.86,16.37,-0.16
7.48,496.13,18.36,-0.12
17.44,495.81,16.77,0.02
21.33,497.51,16.95,0.05
6.58,495.11,18.94,0.04
9.66,496.26,20.27,0.07
14.52,495.81,17.12,-0.07
7.72,493.17,15.54,0.04
9.37,494.65,16.3,0.05
15.57,495.47,15.75,0.08
20.12,493.43,13.37,0.16
15.74,493.91,14.75,-0.03
17.56,494.46,15.04,-0.03
10.57,493.58,15.79,0.12
16.57,493.75,16.12,0.09
15.56,494.82,16.54,0.02
16.54,497.06,16.31,-0.05
8.86,493.68,16.12,0.0
10.63,496.53,17.08,-0.02
10.88,493.22,17.22,-0.05
12.98,490.0,14.42,-0.01
21.17,495.58,14.32,0.04
15.65,497.06,15.53,-0.04
20.93,500.39,17.03,0.02
15.77,496.17,16.5,-0.04
14.37,495.55,16.44,-0.09
10.88,495.1,16.85,-0.06
11.02,492.25,14.91,0.01
16.59,496.28,16.3,-0.04
28.25,497.27,14.64,-0.05
22.11,498.35,16.68,0.05
15.05,495.55,17.21,-0.01
19.57,497.63,16.12,-0.01
21.93,501.84,17.32,0.05
14.56,496.68,17.51,-0.16
19.28,497.37,17.25,-0.01
21.62,494.24,15.0,0.0
14.58,491.09,14.34,-0.06
10.89,492.65,16.05,0.0
9.32,491.97,15.73,0.03
11.3,493.0,15.91,0.04
17.5,492.74,15.0,-0.04
13.17,495.23,15.47,-0.02
17.63,498.07,18.64,-0.01
15.93,494.64,16.24,0.01
16.16,495.63,15.62,-0.08
10.62,499.62,19.05,0.01
11.26,494.08,15.99,0.11
14.31,495.46,16.38,-0.11
16.86,494.38,16.7,-0.13
7.24,494.84,16.9,0.02
6.47,495.72,17.8,-0.05
12.34,498.64,18.36,-0.06
9.67,493.64,15.5,0.09
6.33,495.04,19.02,-0.01
12.72,499.59,21.24,-0.07
18.88,497.84,16.78,0.01
11.31,494.33,14.92,-0.03
14.11,494.82,14.95,-0.1
17.97,498.6,17.12,0.02
18.49,494.01,13.5,0.09
12.49,494.26,15.56,-0.0
8.94,493.0,15.89,-0.07
7.64,491.8,16.14,-0.0
13.49,492.33,15.07,0.08
14.06,495.59,15.26,0.1
18.24,497.57,15.53,-0.14
8.07,492.02,14.09,-0.13
9.96,499.31,18.28,-0.06
14.73,501.57,20.38,-0.1
11.17,496.51,20.76,-0.01
10.14,493.1,17.1,0.06
17.0,494.48,14.71,0.1
22.44,499.4,16.4,0.03
13.44,495.53,16.37,-0.04
11.93,492.72,15.26,0.0
5.83,492.1,15.59,-0.06
5.78,493.38,18.42,-0.03
15.44,496.75,17.47,0.13
19.29,495.91,15.31,0.11
18.23,497.76,16.89,-0.07
18.84,494.6,16.55,0.13
12.3,493.4,15.66,-0.04
12.62,496.0,16.27,-0.04
21.16,495.74,14.99,0.14
22.02,495.17,16.15,-0.0
17.34,491.88,15.66,0.01
15.37,492.76,14.72,0.01
5.97,493.33,17.65,0.05
19.53,495.58,13.37,-0.03
23.43,495.21,14.22,-0.02
30.47,497.52,16.29,0.1
16.55,498.71,17.88,-0.02
14.4,496.32,17.84,0.06
15.95,494.02,15.64,-0.04
12.18,495.62,16.35,0.01
9.68,498.1,17.78,-0.15
12.36,495.12,14.8,-0.04
15.35,496.17,15.35,0.06
14.36,497.18,15.92,0.03
10.32,494.24,15.18,-0.01
12.45,493.9,14.41,0.03
15.7,493.35,13.9,0.09
17.48,497.58,16.23,-0.08
18.32,500.4,17.54,-0.11
19.53,497.64,16.42,-0.01
19.36,496.82,15.92,0.07
7.96,493.73,16.22,0.02
11.42,496.56,15.48,-0.01
22.55,496.54,14.45,0.09
13.04,494.64,15.14,-0.07
8.94,493.07,15.15,-0.05
7.43,495.11,18.23,-0.18
6.27,494.64,18.3,-0.05
7.21,494.32,17.26,-0.08
8.47,492.92,16.65,-0.01
12.81,491.68,14.08,-0.08
13.17,490.51,12.77,0.03
8.96,498.5,18.49,-0.1
14.81,504.16,20.28,0.01
13.89,505.33,22.2,0.05
14.18,496.69,16.93,0.02
10.41,495.02,16.87,-0.01
16.11,497.89,16.68,-0.01
13.38,494.35,15.9,-0.07
14.47,495.67,14.78,0.02
8.24,494.17,16.86,-0.02
6.65,494.21,20.61,-0.09
11.72,495.0,16.9,0.06
17.7,494.79,14.12,0.08
22.01,498.42,15.37,0.11
19.35,495.17,15.43,0.0
8.75,490.65,14.58,0.01
11.26,494.69,16.48,-0.02
15.28,494.87,17.04,-0.05
23.43,501.48,21.09,0.0
16.04,496.24,18.1,0.01
7.1,491.61,16.02,0.02
7.63,493.5,17.43,0.0
15.56,495.08,16.06,-0.01
21.14,494.51,14.37,0.04
34.07,495.93,13.93,-0.02
21.23,499.04,17.41,-0.02
21.3,502.17,19.29,-0.11
14.82,496.63,17.46,-0.03
13.28,495.71,16.25,-0.16
11.43,495.48,16.74,-0.1
12.16,495.94,16.07,-0.07
7.18,492.52,15.68,-0.14
11.76,493.48,15.94,-0.05
20.61,494.05,13.34,-0.05
25.25,496.06,14.6,0.06
20.3,497.17,15.91,-0.12
11.76,497.38,17.78,-0.05
11.44,494.87,18.4,0.1
16.43,494.49,16.66,0.1
13.94,497.21,17.98,0.14
12.0,497.6,18.99,-0.03
7.87,496.61,18.49,-0.05
16.36,498.29,17.37,-0.01
11.22,497.39,16.51,-0.04
3.49,491.45,18.7,-0.22
8.19,496.16,18.76,0.01
15.29,494.91,16.73,0.05
13.68,495.03,17.03,0.01
13.71,493.83,16.46,-0.01
12.78,495.56,17.12,0.01
12.11,496.99,15.75,0.04
16.15,497.15,15.23,0.31
18.88,498.17,15.62,1.2
11.52,497.12,17.57,0.11
8.7,494.47,15.86,-0.08
8.5,495.36,17.42,-0.04
14.86,495.82,16.52,-0.01
14.94,494.98,15.41,0.07
8.57,495.45,16.14,-0.16
7.89,495.64,17.96,-0.03
10.92,500.07,17.94,0.0
11.78,497.15,16.5,-0.04
12.69,494.77,16.44,-0.0
12.08,492.18,15.38,0.02
8.82,493.0,15.86,0.05
7.55,494.69,16.84,-0.07
10.01,495.5,18.98,-0.05
17.29,494.17,18.1,-0.04
25.1,499.61,21.31,0.03
22.27,495.68,18.18,0.14
6.36,489.92,15.91,0.06
15.16,492.56,14.52,0.05
19.54,494.08,13.98,-0.04
17.61,494.1,14.38,0.04
20.49,495.45,15.16,0.03
24.6,498.41,16.1,0.1
14.64,501.91,18.93,-0.06
13.56,497.93,17.82,0.02
21.93,500.83,17.57,0.07
15.71,496.63,17.67,-0.11
6.92,491.9,15.83,0.07
6.91,496.46,18.68,-0.05
13.87,497.6,17.19,0.0
12.33,495.01,16.11,-0.06
13.16,496.99,17.04,-0.07
16.04,498.02,16.85,-0.0
12.85,495.56,16.7,0.02
12.16,491.02,14.79,-0.01
11.7,492.35,15.79,-0.1
6.23,493.47,16.27,-0.2
11.11,497.26,17.89,-0.03
12.07,497.54,18.0,-0.11
12.83,498.88,19.13,0.01
13.81,496.53,16.29,-0.07
7.93,493.09,15.14,-0.02
9.24,493.05,16.81,-0.02
11.12,492.71,16.97,-0.1
6.58,491.46,16.84,-0.01
17.26,498.83,18.12,-0.07
25.69,500.67,16.9,0.01
19.05,497.7,14.74,0.16
16.68,496.62,14.4,0.3
18.51,496.17,13.96,0.82
17.73,491.83,13.89,0.13
16.38,494.24,15.21,-0.06
10.15,496.36,16.79,-0.06
12.81,495.13,16.43,-0.0
13.96,496.04,16.31,-0.02
6.32,494.6,18.53,-0.02
9.96,492.53,15.18,0.01
13.37,495.4,14.04,0.06
11.97,495.63,15.5,-0.05
19.74,494.71,16.0,-0.01
17.38,492.27,16.25,-0.04
12.67,493.28,14.63,-0.05
10.06,494.0,16.26,-0.13
6.21,491.89,18.61,-0.1
7.72,492.98,18.94,-0.03
11.9,492.23,18.08,-0.01
13.88,492.27,16.39,0.01
9.04,494.6,16.72,0.01
22.11,498.54,16.72,-0.12
24.85,497.95,15.12,0.01
16.44,495.45,14.48,-0.02
16.43,498.07,17.14,0.09
9.28,497.54,17.9,-0.07
4.01,494.09,21.74,-0.08
6.7,495.88,18.75,-0.06
17.93,501.01,18.95,-0.12
23.71,495.04,16.09,0.02
16.46,493.95,14.61,-0.01
15.77,496.01,15.35,0.05
15.58,496.74,16.77,0.01
10.43,494.69,17.39,0.02
12.54,497.4,17.54,-0.02
19.76,494.76,14.78,0.04
14.75,493.07,15.38,-0.01
7.29,491.98,17.13,-0.03
4.74,492.08,18.1,-0.13
2.84,490.99,17.85,-0.13
12.16,494.96,16.28,-0.1
7.72,495.69,18.21,-0.03
8.02,494.08,17.66,-0.01
7.34,493.07,15.19,0.01
7.75,491.81,13.94,0.03
9.39,493.4,16.32,-0.0
11.37,492.86,15.7,0.02
6.36,492.79,16.88,-0.03
13.58,498.41,17.87,0.02
19.08,499.25,17.34,-0.01
10.13,494.01,15.22,0.11
5.88,492.9,15.65,-0.11
7.08,491.72,15.61,-0.08
14.94,493.54,14.91,0.06
25.14,495.29,14.41,0.11
10.44,492.97,15.18,0.07
8.44,495.88,18.13,-0.03
13.33,496.45,17.45,-0.03
11.94,493.76,16.82,-0.05
8.95,493.88,17.68,0.02
6.98,493.47,17.54,-0.02
10.55,494.45,16.82,0.01
14.97,494.76,15.34,-0.04
11.56,494.57,14.53,-0.04
16.61,494.27,15.25,-0.04
16.54,497.08,17.5,0.05
10.3,493.19,16.11,-0.11
5.49,493.07,17.2,-0.11
6.49,489.82,15.01,-0.01
13.01,494.04,15.21,-0.11
15.07,495.52,16.07,0.0
17.42,497.74,16.6,0.01
13.99,495.16,15.59,0.01
17.21,497.15,15.12,-0.07
15.47,498.51,17.03,-0.04
5.9,494.87,18.89,-0.09
4.36,493.09,19.57,-0.07
6.99,496.22,19.71,-0.09
13.14,492.93,16.03,0.06
22.58,493.54,13.66,-0.0
36.02,494.07,12.85,0.11
29.01,494.74,12.99,0.13
15.86,494.45,15.45,-0.04
9.26,493.16,16.82,-0.06
9.62,493.9,15.83,0.03
12.23,492.28,14.7,-0.01
12.1,493.11,15.79,-0.05
12.94,495.37,17.45,0.12
8.74,494.51,17.08,-0.04
11.27,494.42,15.65,0.03
5.23,493.18,16.05,-0.13
4.9,492.98,16.56,-0.15
5.84,492.78,16.5,-0.01
12.18,495.26,15.52,0.1
14.81,495.29,14.68,-0.05
11.09,494.15,15.44,-0.01
12.48,495.35,15.9,-0.1
13.17,495.18,14.89,0.06
9.9,491.73,14.44,0.08
9.45,492.94,14.4,-0.06
4.41,490.78,15.21,-0.12
7.24,492.84,16.7,-0.19
8.06,492.15,16.22,-0.12
14.17,494.25,16.31,0.08
22.72,493.47,14.15,0.06
10.22,492.19,15.86,0.01
9.54,493.35,17.52,-0.1
21.91,494.06,15.12,-0.15
19.57,491.65,13.57,-0.03
14.01,494.72,13.58,0.08
12.35,496.51,15.39,0.09
13.72,495.88,16.96,-0.05
23.83,495.32,13.3,0.07
31.43,496.61,13.07,0.2
30.0,497.36,15.29,0.2
24.46,495.52,15.51,0.06
18.82,494.26,14.48,0.02
8.24,493.07,16.11,-0.09
7.7,493.27,15.42,-0.1
14.24,496.66,15.02,-0.03
11.88,494.8,16.35,0.03
13.12,493.1,15.23,0.0
20.03,496.06,14.39,0.11
15.58,496.39,14.88,-0.22
9.24,499.28,18.79,-0.06
7.34,499.16,19.52,-0.05
5.26,494.76,19.33,-0.04
11.26,497.92,18.77,0.06
10.57,494.97,16.67,0.02
19.39,493.06,13.74,0.02
27.73,492.21,13.08,-0.01
19.29,494.45,14.41,0.12
10.91,494.54,16.9,-0.07
13.68,493.69,14.69,-0.07
13.08,494.08,14.35,0.09
4.85,491.03,16.81,-0.13
9.64,493.11,16.91,-0.04
15.4,495.14,16.42,-0.03
10.68,494.01,16.44,-0.05
13.93,494.83,15.83,-0.0
8.48,495.41,16.78,-0.03
6.03,492.2,16.18,-0.01
9.44,495.28,16.96,-0.08
16.13,496.24,15.62,0.01
11.27,496.71,16.32,-0.11
9.23,494.53,16.32,-0.09
7.13,492.35,16.73,-0.08
10.82,492.2,14.59,-0.15
17.18,491.41,13.62,-0.09
16.61,494.3,14.39,-0.12
10.08,492.17,14.57,-0.08
10.03,495.34,17.43,0.02
13.58,493.75,16.72,-0.03
12.45,493.79,16.69,-0.03
6.25,490.65,15.77,0.02
14.06,493.03,16.04,0.04
12.07,493.81,16.49,0.03
15.4,493.89,15.64,0.16
19.61,494.76,16.07,0.11
19.61,497.3,15.6,0.13
14.13,500.32,17.86,0.12
9.69,495.68,19.16,0.02
13.79,493.92,16.07,-0.06
30.0,496.22,15.08,0.05
21.53,494.06,14.71,0.08
16.43,493.54,14.94,-0.02
21.56,495.39,14.75,-0.03
15.06,495.89,15.95,-0.0
6.97,494.44,16.54,-0.03
7.63,495.48,17.92,-0.1
17.54,494.89,16.78,0.06
22.19,492.05,14.25,0.08
20.39,494.19,13.97,0.1
9.14,492.71,13.94,-0.03
8.2,492.9,16.04,-0.05
17.99,495.09,14.83,0.07
16.29,494.73,14.74,0.06
13.79,495.88,16.71,-0.11
13.56,494.04,16.26,0.01
21.41,495.08,15.48,0.19
26.17,495.16,14.75,0.02
34.27,495.44,13.46,0.15
13.32,494.07,15.1,-0.05
6.62,492.42,16.55,-0.05
16.54,493.62,14.21,0.02
10.79,492.06,15.14,0.0
14.86,493.43,14.81,-0.06
16.27,494.09,13.76,-0.04
17.77,493.63,13.38,0.11
8.14,493.12,16.04,-0.04
